30 30
3 1 2 6 4 -1 -1
4 1 2 3 7 4 -1 -1 -1
4 2 3 4 8 4 -1 -1 -1
4 3 4 5 9 4 -1 -1 -1
4 4 5 6 10 4 -1 -1 -1
5 1 5 6 7 11 4 -1 -1 -1 -1
5 2 6 7 8 12 4 -1 -1 -1 -1
5 3 7 8 9 13 4 -1 -1 -1 -1
5 4 8 9 10 14 4 -1 -1 -1 -1
5 5 9 10 11 15 4 -1 -1 -1 -1
5 6 10 11 12 16 4 -1 -1 -1 -1
5 7 11 12 13 17 4 -1 -1 -1 -1
5 8 12 13 14 18 4 -1 -1 -1 -1
5 9 13 14 15 19 4 -1 -1 -1 -1
5 10 14 15 16 20 4 -1 -1 -1 -1
5 11 15 16 17 21 4 -1 -1 -1 -1
5 12 16 17 18 22 4 -1 -1 -1 -1
5 13 17 18 19 23 4 -1 -1 -1 -1
5 14 18 19 20 24 4 -1 -1 -1 -1
5 15 19 20 21 25 4 -1 -1 -1 -1
5 16 20 21 22 26 4 -1 -1 -1 -1
5 17 21 22 23 27 4 -1 -1 -1 -1
5 18 22 23 24 28 4 -1 -1 -1 -1
5 19 23 24 25 29 4 -1 -1 -1 -1
5 20 24 25 26 30 4 -1 -1 -1 -1
4 21 25 26 30 4 -1 -1 -1
4 22 26 27 30 4 -1 -1 -1
4 23 27 28 30 4 -1 -1 -1
4 24 28 29 30 4 -1 -1 -1
3 25 29 30 4 -1 -1
