30 30
3 1 2 4 5 -2 -1
4 1 2 3 6 5 -2 -1 -1
4 2 3 4 7 5 -2 -1 -1
4 3 4 5 8 5 -2 -1 -1
4 4 5 6 9 5 -2 -1 -1
5 1 5 6 7 10 5 -1 -1 -1 -1
5 2 6 7 8 11 5 -1 -1 -1 -1
5 3 7 8 9 12 5 -1 -1 -1 -1
5 4 8 9 10 13 5 -1 -1 -1 -1
5 5 9 10 11 14 5 -1 -1 -1 -1
5 6 10 11 12 15 5 -1 -1 -1 -1
5 7 11 12 13 16 5 -1 -1 -1 -1
5 8 12 13 14 17 5 -1 -1 -1 -1
5 9 13 14 15 18 5 -1 -1 -1 -1
5 10 14 15 16 19 5 -1 -1 -1 -1
5 11 15 16 17 20 5 -1 -1 -1 -1
5 12 16 17 18 21 5 -1 -1 -1 -1
5 13 17 18 19 22 5 -1 -1 -1 -1
5 14 18 19 20 23 5 -1 -1 -1 -1
5 15 19 20 21 24 5 -1 -1 -1 -1
5 16 20 21 22 25 5 -1 -1 -1 -1
5 17 21 22 23 26 5 -1 -1 -1 -1
5 18 22 23 24 27 5 -1 -1 -1 -1
5 19 23 24 25 28 5 -1 -1 -1 -1
5 20 24 25 26 29 5 -1 -1 -1 -1
4 21 25 26 30 5 -1 -1 -1
4 22 26 27 30 5 -1 -1 -1
4 23 27 28 30 5 -1 -1 -1
4 24 28 29 30 5 -1 -1 -1
3 25 29 30 5 -1 -1

