30 30
2 1 2 2 -1
3 1 2 3 2 -1 -1
3 2 3 4 2 -1 -1
3 3 4 5 2 -1 -1
3 4 5 6 2 -1 -1
3 5 6 7 2 -1 -1
3 6 7 8 2 -1 -1
3 7 8 9 2 -1 -1
3 8 9 10 2 -1 -1
3 9 10 11 2 -1 -1
3 10 11 12 2 -1 -1
3 11 12 13 2 -1 -1
3 12 13 14 2 -1 -1
3 13 14 15 2 -1 -1
3 14 15 16 2 -1 -1
3 15 16 17 2 -1 -1
3 16 17 18 2 -1 -1
3 17 18 19 2 -1 -1
3 18 19 20 2 -1 -1
3 19 20 21 2 -1 -1
3 20 21 22 2 -1 -1
3 21 22 23 2 -1 -1
3 22 23 24 2 -1 -1
3 23 24 25 2 -1 -1
3 24 25 26 2 -1 -1
3 25 26 27 2 -1 -1
3 26 27 28 2 -1 -1
3 27 28 29 2 -1 -1
3 28 29 30 2 -1 -1
2 29 30 2 -1
