50 50
3 1 2 6 4 -1 -1
4 1 2 3 7 4 -1 -1 -1
4 2 3 4 8 4 -1 -1 -1
4 3 4 5 9 4 -1 -1 -1
4 4 5 6 10 4 -1 -1 -1
5 1 5 6 7 11 4 -1 -1 -1 -1
5 2 6 7 8 12 4 -1 -1 -1 -1
5 3 7 8 9 13 4 -1 -1 -1 -1
5 4 8 9 10 14 4 -1 -1 -1 -1
5 5 9 10 11 15 4 -1 -1 -1 -1
5 6 10 11 12 16 4 -1 -1 -1 -1
5 7 11 12 13 17 4 -1 -1 -1 -1
5 8 12 13 14 18 4 -1 -1 -1 -1
5 9 13 14 15 19 4 -1 -1 -1 -1
5 10 14 15 16 20 4 -1 -1 -1 -1
5 11 15 16 17 21 4 -1 -1 -1 -1
5 12 16 17 18 22 4 -1 -1 -1 -1
5 13 17 18 19 23 4 -1 -1 -1 -1
5 14 18 19 20 24 4 -1 -1 -1 -1
5 15 19 20 21 25 4 -1 -1 -1 -1
5 16 20 21 22 26 4 -1 -1 -1 -1
5 17 21 22 23 27 4 -1 -1 -1 -1
5 18 22 23 24 28 4 -1 -1 -1 -1
5 19 23 24 25 29 4 -1 -1 -1 -1
5 20 24 25 26 30 4 -1 -1 -1 -1
5 21 25 26 27 31 4 -1 -1 -1 -1
5 22 26 27 28 32 4 -1 -1 -1 -1
5 23 27 28 29 33 4 -1 -1 -1 -1
5 24 28 29 30 34 4 -1 -1 -1 -1
5 25 29 30 31 35 4 -1 -1 -1 -1
5 26 30 31 32 36 4 -1 -1 -1 -1
5 27 31 32 33 37 4 -1 -1 -1 -1
5 28 32 33 34 38 4 -1 -1 -1 -1
5 29 33 34 35 39 4 -1 -1 -1 -1
5 30 34 35 36 40 4 -1 -1 -1 -1
5 31 35 36 37 41 4 -1 -1 -1 -1
5 32 36 37 38 42 4 -1 -1 -1 -1
5 33 37 38 39 43 4 -1 -1 -1 -1
5 34 38 39 40 44 4 -1 -1 -1 -1
5 35 39 40 41 45 4 -1 -1 -1 -1
5 36 40 41 42 46 4 -1 -1 -1 -1
5 37 41 42 43 47 4 -1 -1 -1 -1
5 38 42 43 44 48 4 -1 -1 -1 -1
5 39 43 44 45 49 4 -1 -1 -1 -1
5 40 44 45 46 50 4 -1 -1 -1 -1
4 41 45 46 50 4 -1 -1 -1
4 42 46 47 50 4 -1 -1 -1
4 43 47 48 50 4 -1 -1 -1
4 44 48 49 50 4 -1 -1 -1
3 45 49 50 4 -1 -1
